12
4
9 8 9 8
4 6 9 4
8 7 7 8
4 5 3 5
5
8 2 9 6 6
1 9 3 3 4
8 2 3 3 6
4 3 4 4 9
7 4 6 3 5
6
1 8 9 6 3 9
5 3 1 9 8 2
6 9 3 4 1 2
7 1 1 5 1 9
1 9 6 8 7 3
7 6 4 5 5 5
7
7 4 1 5 1 7 9
9 4 6 1 4 6 8
9 6 4 8 4 7 4
3 2 6 2 4 2 8
4 9 4 6 2 4 7
1 7 6 8 9 5 8
1 9 4 7 2 9 7
8
18 18 7 16 15 3 5 6
3 6 8 3 15 13 15 2
4 1 11 17 3 4 3 17
16 2 18 10 2 3 11 12
11 17 16 2 9 16 5 4
17 7 6 16 16 11 15 8
2 1 7 18 12 11 6 2
13 12 12 15 9 11 12 18
9
12 3 10 8 11 12 5 3 11
8 6 4 9 8 2 4 7 6
6 10 12 8 3 8 11 3 3
6 10 5 5 5 11 8 10 2
5 13 3 7 5 6 5 12 6
6 1 5 4 4 13 8 7 2
12 7 13 3 5 1 11 7 3
13 12 7 5 6 12 12 9 6
1 12 13 13 11 3 4 10 9
10
18 8 21 24 8 4 20 15 14 23
17 22 3 14 3 19 19 7 6 13
2 26 10 10 10 7 18 14 15 17
13 25 7 20 18 21 8 2 4 24
4 3 1 5 15 3 15 12 22 23
19 22 9 17 6 9 22 26 2 5
12 13 19 13 6 2 12 19 24 8
21 21 24 15 4 1 20 13 14 5
6 10 17 13 7 4 22 16 9 7
17 8 12 11 20 13 5 24 11 3
11
19 1 20 18 8 11 21 11 4 19 14
14 17 6 10 19 3 5 9 18 20 7
4 8 9 3 3 1 3 17 3 19 21
20 19 13 21 20 17 5 21 15 3 10
18 1 7 16 19 21 15 8 7 17 5
21 1 3 11 14 4 15 10 14 15 17
5 15 5 12 16 5 15 14 8 11 5
14 18 2 19 19 8 5 7 11 11 1
20 9 13 8 16 4 21 20 12 16 1
9 11 7 18 5 19 5 18 13 18 20
5 16 1 12 6 15 8 15 3 18 7
14
11 31 22 3 36 20 10 23 6 5 22 22 19 29
9 7 13 9 31 15 7 1 13 33 11 24 7 36
21 22 6 19 23 4 6 21 14 36 9 4 30 21
17 2 30 13 26 36 2 13 32 27 36 5 28 16
8 20 12 16 31 10 32 15 19 24 34 20 1 16
17 18 22 3 10 2 30 26 27 29 10 16 24 12
25 32 31 20 10 29 19 11 32 23 28 20 33 24
9 13 19 4 6 27 24 5 16 2 8 34 2 7
21 5 5 26 2 35 7 36 21 22 23 33 2 6
16 21 15 21 12 11 13 28 3 3 14 23 16 4
1 31 35 33 23 29 12 18 24 25 19 33 17 13
29 6 30 19 33 14 35 14 6 23 27 16 12 24
26 31 30 10 16 21 7 4 16 25 31 19 21 8
12 5 2 4 4 27 29 2 18 20 19 26 32 31
20
11 34 7 49 59 88 79 12 63 38 13 27 9 70 97 92 86 95 84 18
11 84 39 44 86 86 59 52 61 97 81 94 92 78 32 7 5 62 41 75
15 61 71 27 3 4 79 51 95 99 73 27 75 31 4 7 15 51 50 16
6 81 32 61 75 24 36 26 57 55 52 15 35 44 30 25 2 54 12 25
42 4 66 1 23 44 1 7 63 27 82 70 40 45 4 3 12 35 11 85
97 55 69 49 34 79 37 69 89 66 85 22 23 88 24 79 1 48 85 72
4 67 23 3 27 18 37 61 7 68 88 80 35 21 42 88 38 10 81 84
78 86 21 50 46 13 50 9 54 3 1 94 85 75 80 45 31 100 29 70
9 59 7 48 81 82 43 68 90 37 26 41 84 31 58 42 4 96 86 20
22 4 49 94 74 42 6 38 84 90 29 95 84 36 18 4 10 34 71 26
46 43 7 88 18 21 96 57 3 72 52 83 50 53 56 51 19 50 57 6
15 30 88 26 49 10 6 12 98 81 47 88 82 2 68 85 62 12 92 88
100 31 5 15 76 84 39 10 52 61 28 12 50 22 35 85 1 83 2 76
17 27 83 45 18 4 95 37 23 96 58 49 36 47 13 10 41 38 37 6
22 92 59 68 51 15 65 88 18 69 40 49 7 11 78 14 95 94 45 27
13 36 33 22 29 49 11 10 50 91 15 71 87 83 63 26 76 89 28 9
98 9 96 58 72 79 28 9 63 67 85 16 40 66 46 47 17 85 16 99
42 87 28 97 60 89 92 90 51 60 96 22 51 95 55 44 16 9 51 69
27 45 53 43 45 52 12 90 86 91 47 39 84 9 21 77 69 56 5 69
99 47 66 91 71 2 9 26 43 54 52 30 4 94 97 92 2 67 12 85
30
43 47 68 81 26 10 81 57 70 47 83 75 6 47 71 3 9 82 15 32 85 23 93 16 69 9 5 40 15 37
59 32 84 42 35 87 94 94 2 72 19 36 34 39 77 20 1 20 94 91 33 36 24 47 88 62 19 94 33 40
2 94 20 87 8 76 17 38 22 34 9 30 11 79 58 25 47 28 3 71 40 75 70 4 7 73 20 54 23 61
30 62 14 17 35 92 75 94 76 68 3 35 22 40 37 85 57 7 77 29 71 52 38 60 1 39 39 18 12 24
11 34 42 78 64 9 19 26 19 83 2 72 96 88 5 92 74 32 44 54 13 92 38 10 90 93 63 67 18 89
82 20 1 23 30 15 70 64 34 40 54 6 58 7 29 100 23 65 75 3 16 79 76 69 95 52 52 12 68 85
46 70 48 31 75 54 76 19 35 75 34 89 20 15 72 25 5 86 13 18 17 81 99 70 80 80 58 60 55 31
99 70 90 95 5 28 31 91 58 78 11 17 4 37 37 63 7 55 52 31 70 66 55 74 60 53 1 24 78 66
47 76 80 19 81 9 9 9 75 71 92 91 69 34 24 88 80 92 45 4 22 11 19 95 55 47 41 34 45 1
98 22 3 5 43 96 89 61 58 66 95 32 34 66 22 39 2 25 36 15 7 96 98 65 42 98 32 21 69 27
64 83 46 64 61 19 27 90 56 91 70 46 23 22 26 67 56 79 82 66 87 77 85 92 25 42 64 32 70 29
55 81 73 94 74 69 81 83 73 19 87 51 14 24 87 93 60 26 52 10 8 72 72 97 36 29 26 70 71 25
44 65 97 54 45 62 81 29 18 6 65 74 90 13 20 35 48 99 12 12 73 27 59 12 9 27 58 9 21 31
52 19 91 7 85 2 26 69 17 25 50 37 55 87 66 59 46 73 18 30 82 40 64 90 53 75 22 99 4 26
85 50 11 5 78 55 35 22 81 88 5 51 59 68 66 84 3 4 2 34 46 82 65 27 33 76 53 68 95 22
89 31 94 48 63 84 68 64 84 64 38 51 2 90 97 78 59 39 63 75 73 61 67 56 28 22 51 35 33 81
13 18 80 39 47 82 53 20 84 72 36 71 56 79 91 20 9 12 84 43 89 58 39 13 77 66 3 86 5 56
89 40 88 83 23 17 50 21 100 11 93 91 48 88 56 54 87 22 25 89 19 16 13 37 93 73 9 70 29 23
25 11 5 83 43 16 57 28 80 84 51 1 23 62 14 88 16 81 72 99 76 49 85 27 94 87 76 99 11 43
42 49 14 52 14 97 93 28 94 59 40 65 58 16 69 22 72 57 82 52 83 48 17 45 31 57 73 85 70 70
9 88 67 7 88 85 89 52 89 42 38 29 45 38 65 89 83 69 90 63 83 98 69 18 73 78 98 10 66 11
39 19 76 19 4 2 32 75 82 4 47 20 77 13 96 28 72 32 51 14 37 7 62 15 39 53 47 87 9 48
30 35 48 98 68 27 19 36 9 35 89 60 10 50 67 15 2 93 66 92 80 70 92 70 8 28 72 56 48 5
23 24 27 55 80 44 49 59 46 80 47 39 67 29 33 59 83 5 99 29 20 96 53 2 4 63 84 21 54 47
21 13 25 2 55 96 61 88 21 40 29 8 15 22 72 99 39 69 39 76 17 14 87 60 81 9 4 78 47 61
30 86 69 70 88 19 38 5 18 40 82 94 24 85 13 49 59 19 9 69 6 70 30 61 64 1 92 38 35 9
66 20 60 72 73 18 65 99 92 10 29 18 43 75 14 72 27 56 23 76 75 22 92 91 34 43 43 65 3 85
22 65 29 2 49 100 71 9 6 13 17 90 1 72 12 53 2 13 45 41 48 66 36 98 66 21 73 55 48 3
4 100 7 20 4 23 79 14 20 11 5 1 84 36 72 100 28 4 9 61 90 33 10 47 90 100 86 61 85 47
68 33 78 39 27 92 35 61 6 44 78 94 59 79 41 99 71 12 19 88 46 15 75 38 47 32 63 51 49 20
100
93 81 52 99 80 88 43 15 68 5 86 65 31 39 68 81 51 65 61 100 87 64 40 60 51 99 70 88 71 40 86 69 71 20 16 27 63 6 17 98 85 29 35 92 71 76 76 33 60 71 4 7 74 74 85 58 84 8 31 6 32 96 24 48 74 100 33 72 55 72 55 87 9 24 22 79 82 97 93 73 7 59 77 35 67 75 27 86 47 67 57 25 36 73 52 71 57 94 19 26
19 83 91 55 38 88 3 21 99 66 44 26 75 46 41 57 15 90 38 87 19 62 42 91 87 11 80 85 7 65 65 7 94 44 18 91 59 40 21 80 83 14 14 23 8 34 45 21 16 36 48 80 86 10 56 37 47 17 10 15 12 11 23 11 84 90 74 41 45 77 81 34 67 76 92 20 86 92 47 29 62 33 64 85 52 94 82 90 13 38 79 73 39 57 15 86 95 88 61 79
69 45 97 8 72 34 78 58 84 1 76 14 25 79 18 97 37 28 42 73 17 11 8 39 98 72 62 78 26 85 69 48 93 31 41 52 26 66 40 34 28 71 26 98 63 79 70 20 70 82 19 28 14 9 32 20 53 19 84 32 69 76 31 32 70 51 3 51 95 52 33 95 74 38 7 58 93 11 78 19 75 56 97 68 90 80 99 46 47 6 70 10 49 98 56 53 19 4 8 70
51 48 3 96 82 44 98 57 10 41 9 12 44 76 43 6 68 26 62 33 14 28 40 22 70 49 28 89 89 11 2 23 97 41 62 1 35 3 93 30 17 98 51 42 89 94 27 94 74 2 24 28 6 2 38 98 99 70 55 91 93 14 94 47 10 94 74 61 15 2 17 18 46 40 88 27 89 57 94 74 73 53 35 89 47 98 63 37 29 74 53 88 62 96 88 68 2 61 24 23
89 19 4 76 4 90 31 76 7 27 82 26 25 41 33 44 38 29 80 64 94 53 64 67 32 69 80 37 60 94 20 37 1 73 74 32 98 8 75 85 5 8 80 38 30 86 54 43 5 75 75 33 82 92 94 47 42 16 83 19 43 89 52 44 64 71 85 23 80 21 73 55 48 34 100 19 68 82 67 23 34 33 59 2 76 82 72 82 73 45 47 7 30 20 35 71 65 88 61 47
96 74 27 13 27 68 22 94 87 13 38 95 47 27 6 61 73 96 51 10 25 7 65 71 1 84 14 1 15 31 82 5 32 85 100 11 71 8 70 66 65 53 73 68 86 92 26 69 31 80 44 69 60 35 39 51 19 91 27 69 65 86 60 81 78 76 29 88 30 56 84 72 64 17 78 88 10 56 50 78 40 82 85 34 61 55 82 66 53 27 22 47 86 50 19 6 8 88 68 43
8 53 85 80 97 19 62 45 21 72 83 6 24 69 14 52 7 56 29 35 84 66 93 99 42 58 95 29 45 80 79 84 35 19 27 93 59 58 11 78 73 96 21 99 80 99 57 31 5 28 81 64 29 36 2 96 35 5 33 55 58 51 58 6 72 13 64 86 86 37 19 58 72 81 42 45 69 53 24 73 52 7 62 83 3 35 80 44 33 93 25 55 19 73 67 46 90 5 84 45
12 48 22 9 47 80 98 52 64 62 75 52 13 14 32 55 55 10 84 18 51 84 90 42 83 43 26 86 44 66 94 74 4 43 15 21 10 16 4 48 31 9 3 82 52 47 62 4 42 31 29 19 69 87 100 34 8 97 97 46 63 73 79 63 89 5 5 66 5 91 5 100 73 73 40 46 14 61 79 79 41 98 43 92 72 13 45 69 99 65 15 29 64 28 99 99 52 18 7 35
68 75 8 80 93 72 24 81 28 39 25 82 98 47 9 41 23 34 53 55 7 74 36 41 55 24 40 83 8 41 90 27 17 41 41 21 99 77 40 89 70 33 25 20 34 28 1 54 86 51 96 23 85 63 66 82 81 97 66 8 42 32 93 95 86 77 49 1 33 22 15 19 68 43 65 37 56 86 98 30 38 62 11 16 53 3 71 56 28 35 54 56 4 89 63 59 48 91 39 64
48 7 23 34 8 97 86 31 66 43 18 56 99 80 93 45 87 57 42 88 6 84 29 44 43 30 3 45 35 56 21 94 31 34 40 63 73 82 76 86 33 100 22 41 65 45 33 26 3 66 34 44 52 19 55 45 56 62 83 10 31 6 3 28 5 50 78 97 27 19 67 80 51 60 99 90 34 100 7 86 88 43 10 100 64 14 17 35 52 56 74 30 86 61 99 54 87 41 6 77
10 82 46 79 95 49 34 98 15 12 14 70 42 78 90 12 52 53 53 79 64 71 64 43 24 47 28 75 6 28 91 37 47 30 31 14 24 56 9 73 25 40 92 29 39 21 37 37 75 60 93 80 16 79 46 99 52 37 91 42 84 41 67 2 45 12 44 68 65 40 49 5 85 22 26 6 42 5 85 19 66 26 15 95 4 74 54 41 24 31 27 96 50 19 32 12 13 68 8 77
77 51 43 45 78 40 19 51 85 93 21 40 30 47 84 38 65 36 47 16 45 79 7 45 19 18 15 44 76 36 88 39 60 79 73 93 40 64 7 38 32 13 8 69 46 53 37 82 100 85 65 6 65 24 69 5 91 8 81 60 61 79 22 85 46 9 89 52 60 45 83 37 29 24 47 61 3 88 5 79 77 31 8 49 12 32 31 51 23 8 54 91 85 95 29 50 3 85 29 30
81 52 32 16 87 5 1 76 23 11 19 60 37 96 73 63 30 10 5 4 19 29 53 83 87 93 8 55 61 45 16 5 64 69 69 89 72 8 9 91 69 9 59 74 52 19 52 19 47 71 28 26 29 82 81 91 8 22 57 63 60 42 11 38 12 10 16 61 20 54 73 7 80 51 39 83 22 79 34 84 49 41 13 3 87 88 74 9 24 41 76 94 66 11 3 29 52 92 50 14
67 64 74 17 13 49 78 6 32 71 68 94 17 38 41 99 7 100 79 20 61 38 16 17 56 77 51 49 13 62 1 11 48 34 83 63 61 12 93 56 69 32 73 83 64 95 86 58 47 55 19 83 6 92 41 85 53 52 87 50 100 3 27 58 34 47 41 71 60 13 45 41 29 39 8 41 10 66 33 85 84 95 13 20 5 17 1 40 62 66 91 9 53 56 26 50 63 22 10 59
5 14 45 60 91 10 37 60 89 27 65 93 34 44 23 14 76 56 2 50 18 28 98 80 7 19 1 85 81 45 74 3 59 58 66 57 82 10 99 30 49 6 9 71 77 37 75 85 95 90 100 64 5 34 11 17 23 56 72 99 97 34 85 88 34 63 96 44 81 28 94 62 9 67 10 53 81 50 71 14 81 24 90 85 37 12 33 93 99 80 13 97 43 40 24 80 63 72 5 69
95 21 22 20 10 64 26 91 34 55 30 66 42 23 38 21 81 89 83 37 95 34 19 84 11 93 58 95 50 61 69 9 3 97 43 37 25 68 94 44 83 95 75 34 69 2 83 21 15 5 46 82 10 42 62 99 87 6 94 66 86 68 19 89 8 33 10 58 100 96 88 53 89 65 38 83 48 85 31 38 56 4 18 62 1 61 70 54 74 56 1 36 40 84 41 4 22 75 62 62
29 77 69 50 40 95 96 1 33 91 51 46 17 66 35 79 27 28 52 12 94 46 93 33 86 24 2 1 73 4 5 51 93 76 54 77 87 15 58 25 99 26 65 10 8 68 35 19 34 97 8 77 79 98 73 12 65 64 76 64 78 79 30 35 88 46 93 18 95 11 12 30 69 25 21 90 71 12 49 28 12 31 26 28 37 68 99 65 5 94 91 100 10 30 67 6 44 97 54 74
99 90 80 63 47 36 90 53 67 24 3 5 62 28 50 86 50 44 22 79 66 25 76 60 7 69 47 68 8 1 67 51 69 22 50 48 19 74 31 91 67 64 37 30 96 72 66 92 6 94 53 15 80 11 10 10 13 60 10 55 24 100 31 53 11 38 98 24 87 53 20 25 40 10 68 6 100 1 74 89 68 66 88 100 23 73 11 98 10 47 13 98 42 12 43 55 24 29 13 16
90 82 47 66 36 67 20 44 65 58 82 44 9 61 71 19 16 93 11 15 30 65 14 29 66 98 28 44 69 92 75 78 62 31 38 31 54 47 3 12 37 33 38 74 64 40 40 48 23 40 79 16 22 96 84 15 77 77 3 39 26 54 12 78 9 27 67 68 89 14 7 59 11 15 61 30 58 50 61 9 33 54 60 64 100 89 44 85 49 66 99 71 31 8 86 70 16 72 40 87
17 95 24 90 26 35 9 7 50 3 26 22 80 90 94 3 91 93 46 33 63 41 68 82 18 27 81 12 25 77 21 86 98 4 100 59 45 90 88 58 32 64 76 50 73 39 84 37 23 8 47 43 65 85 10 73 95 55 52 28 38 81 20 28 45 59 87 8 17 60 7 10 85 64 42 16 8 4 37 23 23 52 44 8 89 55 49 94 95 1 54 98 52 47 85 29 78 6 86 69
5 33 78 21 72 22 8 44 82 97 45 54 3 4 21 4 55 23 83 75 97 90 14 80 39 70 62 73 35 71 90 67 22 36 84 8 98 41 65 96 69 81 51 12 54 3 13 61 39 59 31 58 32 13 24 29 20 99 11 4 100 78 20 7 1 58 12 44 77 15 4 76 35 47 52 7 45 62 15 91 17 40 35 7 31 86 27 7 90 65 27 28 67 96 45 91 86 30 12 90
87 93 45 26 29 18 13 27 61 28 63 86 77 11 85 76 14 73 58 53 20 54 12 7 67 84 51 72 24 44 3 52 93 28 12 58 5 68 54 8 4 84 56 37 33 88 58 35 9 40 24 13 15 48 35 20 89 30 12 82 14 63 48 47 13 65 16 27 71 69 3 76 33 47 87 71 39 29 9 2 29 65 81 64 48 90 97 37 62 60 72 28 9 58 10 60 16 46 95 40
7 69 82 35 88 32 62 76 84 74 93 36 89 51 77 84 47 6 44 29 65 83 90 20 39 15 19 76 27 38 7 61 88 15 91 4 67 82 85 59 54 52 46 14 5 70 54 3 28 82 94 44 49 84 77 69 16 23 29 64 44 23 62 62 72 3 42 8 71 86 96 7 78 50 77 75 71 31 67 3 74 90 21 72 29 36 72 10 95 61 36 2 57 82 85 24 45 74 8 28
67 46 44 90 52 26 80 64 39 17 72 3 20 60 27 12 83 83 70 18 24 50 47 40 35 4 81 17 49 53 49 26 32 98 16 51 8 55 49 88 42 23 91 23 52 71 88 13 86 33 27 52 59 35 32 83 21 58 60 96 31 74 27 68 68 51 11 40 25 49 80 5 56 38 37 90 94 85 23 9 97 67 7 2 76 83 63 75 71 96 27 18 82 61 20 22 56 79 56 27
53 89 43 67 70 96 36 34 51 23 11 10 48 42 48 29 76 48 30 56 30 76 71 69 43 82 11 21 97 90 40 20 37 99 74 54 38 59 22 86 67 100 51 34 56 76 86 70 81 6 51 49 59 47 58 94 93 59 61 93 40 52 54 7 43 65 82 22 93 82 28 11 47 44 95 65 72 65 49 55 23 95 25 97 1 55 40 14 67 88 51 93 53 98 48 46 21 76 34 82
44 38 18 46 9 9 14 97 81 75 31 19 65 76 13 42 49 42 19 47 2 31 24 10 64 44 69 89 26 45 48 38 26 52 5 35 86 3 18 17 93 26 39 19 90 18 93 92 41 60 61 60 26 34 14 79 12 16 72 97 15 38 6 28 97 24 83 6 3 42 58 52 74 46 13 80 86 35 34 31 15 99 4 93 44 79 19 61 52 53 76 52 24 81 98 34 80 31 21 93
27 10 69 19 90 71 28 69 1 43 9 72 77 41 59 38 96 8 83 90 14 7 95 11 19 63 15 77 44 45 54 6 75 20 89 100 93 14 67 73 63 14 86 10 34 48 99 68 67 60 25 81 65 86 1 24 65 100 27 84 26 81 51 39 91 31 31 89 18 91 11 96 75 76 34 92 79 86 18 86 9 99 23 60 84 52 69 20 23 31 28 97 90 52 61 70 88 54 77 82
29 93 11 39 83 9 43 27 79 33 29 55 69 68 37 97 96 43 23 27 9 11 12 73 17 24 13 11 50 54 96 40 93 28 27 72 23 48 89 19 29 43 90 76 56 18 60 64 82 8 41 15 5 58 13 47 57 34 10 84 65 81 22 43 56 7 76 3 56 45 51 90 44 25 62 22 79 52 88 81 71 4 80 82 7 62 8 21 20 73 33 98 92 83 42 92 96 38 14 37
34 41 94 52 46 39 97 7 100 83 23 38 45 44 30 3 99 20 69 83 14 26 83 38 76 17 51 91 99 14 95 50 14 61 29 75 69 75 21 18 18 80 42 53 4 16 39 36 6 6 97 30 76 99 60 70 9 98 22 49 88 1 54 95 78 71 65 52 57 40 44 62 79 25 62 4 62 34 38 71 96 88 95 71 87 81 15 12 75 86 73 60 35 90 69 41 43 49 14 36
73 8 87 80 62 11 41 10 87 64 22 74 23 60 21 67 40 4 8 1 77 79 17 75 54 13 82 28 15 89 85 45 80 84 72 40 76 8 64 25 93 21 8 88 61 46 17 59 64 71 66 40 26 78 21 98 70 14 63 51 43 12 4 46 77 98 48 56 88 21 78 76 30 28 34 3 10 24 21 23 64 78 85 51 8 80 70 67 66 26 93 94 47 51 42 92 39 79 5 32
85 42 18 25 61 1 21 8 91 31 61 87 43 21 47 12 94 45 18 10 46 36 46 26 86 54 59 65 12 55 58 27 83 99 40 9 34 65 57 34 21 34 69 75 33 84 5 2 28 65 40 56 43 2 13 16 36 53 97 74 16 50 68 33 2 99 24 74 15 30 18 29 7 55 32 45 83 69 59 23 27 61 6 95 48 39 93 80 54 72 83 52 68 59 31 31 72 23 98 31
78 95 48 59 37 32 96 56 44 30 19 59 35 12 66 8 10 85 75 11 7 20 13 43 65 91 80 28 67 94 77 85 43 37 82 8 30 100 85 63 75 45 24 58 93 16 11 99 96 59 41 70 14 58 66 43 33 38 36 46 7 7 6 52 54 77 96 85 99 27 91 52 96 83 21 57 98 46 42 76 56 41 33 72 84 11 83 93 19 77 1 15 19 25 57 97 59 11 22 69
26 36 56 50 45 81 84 42 7 30 42 78 9 1 27 11 81 17 92 55 4 36 29 71 77 59 84 51 28 6 28 54 76 34 47 6 40 5 5 89 9 91 87 47 99 41 9 90 25 23 20 35 54 19 14 39 18 48 2 25 94 76 26 44 46 85 91 95 24 50 91 15 2 20 60 17 97 18 2 94 31 66 24 35 73 95 47 44 55 73 48 9 8 17 2 81 64 98 32 89
99 18 44 49 77 9 53 69 28 63 34 87 63 73 17 40 90 63 53 58 11 20 26 88 26 49 87 41 26 29 76 80 44 47 47 56 44 59 91 34 20 94 28 80 72 42 100 82 5 85 52 30 89 73 46 90 38 20 9 54 27 83 24 59 78 42 43 10 58 20 85 85 86 44 55 35 74 90 39 82 82 18 46 34 31 84 39 80 28 26 84 29 86 100 18 78 10 33 49 2
76 86 14 91 11 97 80 8 38 14 79 71 81 68 69 90 44 86 71 21 82 71 73 29 75 91 68 38 41 23 12 7 72 78 84 65 69 24 92 81 91 39 5 46 54 73 12 28 29 58 63 23 43 78 89 8 57 49 16 56 34 43 40 21 70 49 35 35 80 99 4 35 67 19 25 72 57 25 97 14 91 19 6 78 59 77 46 69 17 100 67 49 93 53 75 63 26 17 53 81
53 20 47 29 76 4 50 34 19 12 89 8 13 37 30 57 80 64 33 67 13 78 74 63 17 81 47 63 58 93 99 84 4 81 29 87 34 24 72 56 19 34 66 49 6 31 36 60 71 5 64 31 77 1 56 20 13 84 58 85 65 38 83 22 4 60 27 43 58 10 82 5 14 52 100 96 26 63 65 94 24 45 21 48 84 42 55 27 25 95 68 62 91 71 100 85 82 45 5 70
44 84 72 39 99 76 100 97 19 45 38 80 47 86 55 58 23 86 69 4 90 19 75 99 85 99 38 11 12 83 13 30 62 15 3 70 88 62 46 59 70 86 20 14 20 21 30 81 15 44 97 47 36 46 80 93 9 3 73 59 60 52 48 62 60 19 18 42 86 9 5 45 25 97 38 37 24 32 55 41 76 6 31 23 96 75 86 66 49 78 88 72 60 74 71 86 45 7 76 24
21 59 70 3 68 36 56 85 46 35 75 13 2 82 96 21 18 72 20 1 68 54 10 33 21 91 37 5 44 14 29 44 3 68 37 13 59 2 13 37 68 63 45 53 13 38 21 27 57 46 14 21 98 40 87 30 50 57 39 48 88 30 29 66 72 8 60 12 97 40 34 11 25 91 70 88 97 69 17 32 70 21 12 20 15 50 46 96 92 13 38 13 14 9 17 99 36 22 41 54
20 42 3 58 61 5 54 56 81 67 88 4 97 21 53 74 74 79 58 13 38 4 9 55 39 51 95 69 44 80 66 73 78 29 68 87 31 87 49 64 58 97 10 55 25 3 100 84 1 93 81 45 12 46 63 74 41 26 88 82 59 52 73 36 100 99 99 91 76 55 90 37 52 26 59 88 24 79 7 35 21 30 28 94 35 64 5 53 66 90 85 19 29 11 83 82 69 34 22 66
86 7 31 54 56 54 88 48 41 53 52 73 81 8 77 100 11 66 23 57 37 95 91 88 27 47 41 100 9 29 16 37 86 59 13 59 73 61 61 65 72 90 23 34 39 67 67 97 17 14 71 67 55 37 93 72 88 62 6 90 95 17 76 76 31 1 26 94 69 100 96 72 8 40 89 36 89 46 68 31 53 98 15 47 85 73 15 40 92 58 70 88 16 96 88 78 3 89 90 37
2 55 98 30 13 77 3 52 66 92 59 14 82 2 78 3 58 55 98 47 22 100 65 36 85 19 53 64 58 74 38 13 57 23 65 58 7 17 72 82 39 69 72 12 20 8 82 8 76 18 82 46 89 46 94 51 41 15 89 96 49 61 94 48 16 15 34 5 56 68 2 42 50 53 41 19 81 55 98 99 89 43 18 77 67 72 97 57 63 98 4 48 38 54 8 54 93 96 7 27
61 68 39 41 71 35 78 31 34 16 49 29 13 32 74 36 1 49 26 27 55 55 97 79 87 96 4 62 73 20 28 78 35 69 31 7 70 72 65 22 55 20 27 11 42 12 54 23 15 55 88 67 64 69 23 39 68 78 54 62 53 33 98 4 79 81 23 6 98 7 84 82 19 66 86 64 7 82 96 84 74 94 27 77 97 83 91 3 87 62 14 39 99 54 59 97 98 89 23 27
55 84 67 25 15 27 66 53 5 48 57 37 79 15 84 33 32 9 49 19 99 50 33 6 56 28 39 94 12 39 32 85 79 23 10 54 100 93 86 98 75 64 43 98 99 94 9 59 32 98 68 38 44 100 80 59 70 83 50 17 55 34 87 10 23 50 59 36 56 52 68 91 3 77 64 40 49 63 65 45 47 76 14 69 23 18 15 18 75 91 27 43 92 54 72 29 63 65 33 57
41 23 98 48 45 89 93 1 42 95 91 25 51 5 55 8 41 88 13 99 47 48 39 49 36 7 86 29 30 43 22 56 26 96 83 33 58 8 56 49 5 54 50 43 2 6 91 35 17 68 51 8 82 62 55 65 48 74 14 65 90 16 84 86 21 54 60 41 29 56 27 79 35 65 23 33 65 60 56 33 66 70 31 43 61 50 61 30 96 21 92 24 1 43 42 10 16 96 2 84
12 20 17 31 13 25 58 70 48 12 50 45 24 68 54 73 70 40 57 70 29 18 74 46 49 18 90 100 69 92 33 57 24 9 21 93 97 52 3 14 97 82 14 91 54 54 24 40 79 43 41 55 100 28 64 20 13 89 72 66 97 17 33 56 50 16 38 41 11 31 16 38 50 50 98 14 96 23 18 45 39 98 27 58 31 26 67 73 87 83 44 33 96 70 59 78 53 35 13 73
88 76 95 23 69 31 100 99 39 35 2 37 81 91 72 16 72 98 90 93 91 45 84 58 62 64 5 12 46 79 18 53 17 88 99 92 53 75 64 54 31 55 66 75 44 28 74 46 68 99 53 21 10 53 2 23 68 65 7 53 47 4 28 31 87 48 66 96 25 92 25 51 4 77 95 6 49 2 15 31 51 3 60 49 93 43 2 17 28 10 80 60 59 78 47 7 86 6 83 94
86 91 64 59 22 32 96 82 8 83 72 94 93 87 60 65 100 83 83 38 42 92 96 46 43 89 38 48 80 100 95 29 12 25 91 21 39 89 13 12 46 48 99 70 44 5 58 6 50 69 14 12 96 90 47 78 2 42 70 80 50 20 68 76 91 94 29 41 81 89 47 90 11 31 44 36 38 54 7 89 57 68 19 21 14 62 56 61 80 14 13 76 54 40 69 58 32 16 36 79
50 32 100 90 27 20 40 7 56 21 73 51 76 34 98 60 23 74 67 18 30 86 75 43 10 63 1 98 85 20 52 95 60 91 78 75 92 76 85 4 30 79 85 89 17 33 98 37 24 35 58 60 17 65 73 51 56 26 55 71 57 54 5 5 27 63 16 95 76 52 63 43 31 68 17 78 18 14 43 55 85 46 5 10 56 18 62 88 58 89 85 37 90 3 9 91 60 3 4 73
97 88 50 74 4 72 67 17 5 52 73 71 76 49 98 2 68 70 42 15 65 87 66 56 6 79 90 100 3 5 76 94 73 22 6 98 7 53 45 1 54 92 100 88 70 86 24 95 51 29 92 55 65 58 98 29 43 63 4 42 37 100 32 90 49 91 28 37 69 28 49 89 64 69 37 1 96 66 17 64 95 39 25 91 75 94 38 6 60 11 45 75 64 26 40 83 89 90 10 11
87 72 91 23 100 35 13 12 45 87 49 45 10 64 13 14 87 70 62 44 25 88 98 27 87 28 61 8 85 49 9 1 98 85 36 5 66 33 50 61 80 59 11 78 5 74 32 33 66 46 56 55 30 50 57 39 17 91 23 29 78 44 1 58 70 57 89 59 37 79 38 70 64 78 73 84 63 81 79 59 31 74 25 80 36 66 17 27 78 15 83 10 72 67 78 33 13 15 37 32
65 5 29 45 35 76 54 24 97 32 56 50 12 59 53 87 97 55 22 94 67 70 33 89 9 29 31 77 97 68 24 89 90 24 94 29 80 41 70 30 78 36 35 96 30 13 95 66 83 19 62 46 44 22 44 62 33 35 42 67 52 7 29 44 87 59 56 19 2 91 20 24 52 9 96 61 93 12 87 52 62 48 39 75 95 92 86 55 65 68 61 70 95 20 22 32 32 34 38 2
77 27 98 90 14 67 38 20 89 10 77 80 23 68 27 22 36 72 87 56 29 94 67 81 3 21 65 73 7 14 27 26 69 52 74 56 12 53 8 36 23 93 89 9 6 18 46 17 58 34 37 48 61 52 3 97 20 88 34 56 70 5 70 81 49 9 66 33 41 52 42 13 18 87 17 88 12 75 78 38 56 86 74 89 18 25 58 6 11 11 52 45 42 76 69 61 45 65 30 80
32 71 68 17 10 26 28 50 20 70 9 59 11 38 17 80 7 60 36 20 92 84 46 58 21 34 99 26 79 42 60 100 6 54 23 23 55 74 45 31 69 4 41 10 67 48 32 60 61 47 71 91 78 54 71 17 40 46 11 10 15 54 55 40 15 100 82 70 38 7 56 20 83 30 58 76 76 69 76 74 70 44 36 93 30 98 34 64 57 29 53 30 33 4 63 57 95 51 6 55
32 19 82 71 76 22 33 35 80 71 60 56 36 8 29 89 23 20 97 56 6 89 24 33 99 48 64 33 49 86 41 71 22 100 72 91 2 80 92 71 91 39 50 32 40 15 16 84 11 24 96 83 25 48 90 12 96 18 94 1 56 51 78 11 94 10 6 1 41 76 8 71 100 50 90 20 31 5 38 25 73 9 3 45 82 50 69 58 67 41 1 29 23 19 24 88 86 86 45 40
19 6 9 66 60 41 44 40 33 80 79 92 1 57 67 100 6 26 40 14 31 67 4 66 6 47 94 4 67 81 13 27 70 71 52 76 5 64 78 20 32 36 28 64 12 90 60 32 50 97 88 97 81 11 18 39 94 14 83 25 45 48 8 77 89 91 24 25 73 78 43 76 44 37 98 39 60 76 94 51 96 86 71 55 39 25 34 7 48 48 53 42 83 43 100 27 41 95 9 59
69 40 58 78 52 28 71 51 50 47 35 70 86 56 81 57 88 86 13 56 63 53 28 31 80 52 85 77 28 8 83 97 24 20 78 43 35 88 35 80 67 3 34 85 17 92 17 83 33 65 56 53 33 47 66 36 10 38 34 77 17 11 38 68 39 75 58 24 18 24 90 44 34 30 26 83 90 22 19 71 32 71 73 71 62 59 53 58 19 85 97 81 72 89 72 56 67 91 2 16
87 10 97 63 43 58 82 55 68 82 92 97 80 26 35 34 82 24 53 80 54 81 90 60 17 54 10 59 61 58 19 12 17 70 55 15 40 47 52 99 29 43 98 47 77 16 23 41 63 15 99 90 13 67 44 94 75 44 3 50 88 14 44 36 95 100 70 31 86 56 14 51 20 80 93 5 46 14 12 61 8 88 70 22 96 90 41 30 69 13 4 41 25 48 66 56 37 9 70 24
15 43 83 52 46 26 62 28 6 24 79 94 7 38 61 72 89 63 26 38 20 25 97 39 49 76 75 21 25 29 33 33 36 78 22 23 26 92 2 38 76 5 55 23 100 13 13 89 94 63 33 18 20 21 51 59 24 99 32 77 55 22 7 64 59 10 56 69 32 79 58 7 68 79 84 14 7 41 97 84 66 50 19 4 100 33 18 60 74 93 71 7 26 32 31 49 88 92 13 70
36 45 85 17 86 26 16 5 20 86 23 22 92 70 10 3 17 56 90 93 71 41 55 57 37 65 6 49 7 51 75 79 94 36 59 39 48 38 63 25 11 24 83 43 49 48 23 53 16 52 98 85 68 65 55 96 95 35 36 67 93 19 83 44 17 18 61 85 17 81 81 35 66 11 54 60 68 22 19 10 39 28 27 51 69 15 16 38 71 4 4 6 53 77 15 45 49 40 31 1
63 86 56 80 99 73 65 26 9 50 24 4 75 20 50 10 92 55 71 95 1 88 1 57 54 6 13 44 25 12 86 12 24 47 9 63 55 82 67 56 18 67 98 30 81 72 12 15 58 5 36 31 16 44 73 78 44 83 97 89 72 43 67 36 5 5 39 34 55 7 27 93 18 77 55 4 17 39 95 84 27 45 32 83 30 59 27 98 56 56 9 80 46 100 65 13 83 62 70 28
60 67 15 38 31 82 39 72 77 97 60 47 98 56 67 41 49 21 46 68 15 81 20 20 44 13 55 50 12 38 37 10 46 41 13 47 40 7 57 22 81 86 50 41 85 67 8 27 13 30 49 92 10 42 83 63 19 70 21 63 20 53 65 79 1 79 11 70 65 42 73 55 67 11 20 34 10 30 83 92 40 75 80 74 29 96 84 85 27 8 15 84 82 57 2 40 81 100 83 73
38 22 62 72 70 27 68 49 2 24 13 26 2 67 33 80 90 32 82 36 64 51 62 47 34 33 72 49 26 53 50 27 64 80 76 24 3 27 41 47 46 72 23 48 6 14 25 25 97 45 90 5 29 10 76 19 100 84 38 13 57 68 15 40 40 19 14 100 15 77 36 82 73 97 37 79 42 9 70 18 100 43 24 22 13 92 87 75 21 57 34 64 87 92 7 57 49 22 46 72
81 74 50 32 19 40 39 75 95 41 92 100 76 25 27 83 8 40 47 98 23 13 80 30 23 68 66 25 6 10 36 88 23 23 65 89 87 80 82 73 35 86 31 44 58 93 76 47 65 33 18 6 72 71 13 47 95 69 49 26 21 60 33 41 1 60 78 35 99 24 72 19 2 21 23 48 56 67 54 25 7 41 84 91 45 36 3 90 34 82 38 44 73 82 26 13 52 85 49 27
11 97 94 33 26 96 77 8 22 72 98 35 14 31 3 68 20 93 47 66 93 89 62 13 50 10 94 58 56 40 91 54 73 97 42 46 81 19 55 66 22 70 15 65 21 40 62 58 57 5 97 52 75 23 7 82 21 40 63 5 39 11 18 92 70 28 43 83 5 50 17 97 28 18 91 17 72 91 38 44 51 2 3 1 36 66 49 30 73 61 61 64 64 64 88 51 56 35 89 41
45 12 25 93 5 76 49 98 94 64 57 13 68 98 72 88 100 28 38 80 67 18 75 76 71 62 15 73 57 48 20 58 49 27 70 92 24 97 7 78 59 66 42 59 17 25 66 75 19 69 30 100 82 99 47 89 5 97 46 22 10 78 18 5 49 82 87 9 13 12 29 79 80 70 32 19 78 81 50 1 6 29 11 94 90 11 68 44 76 75 54 70 81 18 29 74 39 34 38 37
83 82 4 36 99 68 57 13 89 63 52 87 86 8 46 87 78 65 54 83 73 53 4 30 52 54 7 25 57 22 74 89 18 31 66 6 35 93 78 60 76 49 45 12 96 84 46 96 24 97 29 86 40 9 89 97 5 17 95 38 97 23 36 75 49 44 95 19 82 65 37 3 65 55 79 57 37 50 33 3 47 61 14 10 18 47 49 79 19 32 60 67 83 4 76 25 52 82 26 35
26 24 64 19 50 25 3 89 72 49 36 40 26 62 57 81 51 84 56 3 89 36 62 20 98 2 60 94 7 41 93 24 53 71 47 66 89 79 55 39 90 20 15 28 39 27 86 35 93 70 16 87 83 43 7 50 44 92 73 40 32 29 80 70 67 66 55 5 41 48 27 15 15 85 32 80 11 56 18 3 67 4 98 74 56 24 21 31 42 46 62 69 15 64 36 75 51 17 91 81
16 7 57 3 30 12 20 24 77 15 90 75 39 84 28 49 47 67 17 69 1 72 52 52 48 50 44 39 65 90 55 81 20 32 17 1 100 71 95 28 64 100 15 11 3 31 99 33 27 23 17 93 62 38 86 45 34 47 96 3 31 7 49 30 20 60 90 58 32 74 93 56 28 35 10 83 59 24 23 64 79 88 23 3 99 67 58 7 21 10 98 36 31 46 54 66 11 96 73 80
49 80 63 73 49 73 8 40 44 25 20 20 22 62 33 20 61 18 69 70 88 5 30 22 62 34 64 47 30 19 93 41 39 30 61 42 63 87 95 6 21 47 51 85 72 48 89 59 48 9 18 28 30 43 30 81 14 76 98 93 77 78 51 6 26 51 49 48 87 8 33 52 44 15 46 15 32 94 33 46 19 71 65 55 14 6 35 62 95 49 49 48 51 53 43 91 22 71 22 100
9 5 92 18 22 11 22 89 21 82 64 98 10 66 28 17 47 54 99 78 83 27 25 53 81 15 48 44 81 74 17 36 74 6 90 95 55 13 38 65 96 52 92 88 29 53 76 42 77 30 7 90 61 89 92 96 6 35 47 30 41 66 7 47 29 66 9 44 97 61 89 8 27 27 77 28 94 86 70 6 66 69 67 90 65 45 97 97 55 15 21 94 93 95 91 39 8 90 74 6
59 35 48 7 74 11 21 59 74 2 94 38 100 37 2 58 96 65 17 56 13 70 48 78 59 10 73 46 17 35 6 64 40 23 3 1 40 36 77 80 80 94 47 45 72 32 49 7 36 93 68 99 67 83 64 89 47 66 30 9 53 90 71 44 55 35 57 8 13 56 17 45 39 99 43 41 68 34 16 59 53 64 82 96 8 6 55 35 76 1 14 5 34 9 78 32 36 36 77 89
40 19 86 27 32 97 89 71 51 59 90 34 8 17 43 11 86 81 34 43 77 85 95 23 3 96 53 80 81 21 28 93 66 18 16 56 79 35 3 54 50 41 22 9 54 18 93 50 45 76 76 3 66 75 43 78 81 23 74 47 3 82 100 72 1 5 100 17 22 5 8 50 55 16 32 35 43 80 52 17 57 40 33 60 63 92 38 4 92 46 30 14 56 22 17 22 71 84 1 60
8 42 43 23 64 48 58 88 59 33 51 96 88 10 74 26 83 11 54 18 81 84 50 5 73 63 79 64 86 92 77 78 47 14 65 17 84 3 34 83 27 40 9 91 23 60 55 61 95 68 5 54 53 35 56 4 91 79 61 99 9 5 83 83 79 59 53 76 27 29 9 39 37 52 11 76 97 100 19 15 7 54 80 96 67 38 91 59 15 100 52 36 44 73 71 79 3 85 33 56
42 17 78 97 45 36 90 26 63 92 33 72 81 94 13 80 11 9 29 67 53 40 81 16 75 2 36 14 31 3 70 77 76 89 11 10 9 95 84 98 19 8 63 55 26 50 15 25 20 58 19 42 12 17 81 88 60 62 15 78 87 68 100 57 56 44 71 27 22 17 40 66 62 31 64 9 72 28 66 76 23 98 52 69 3 30 84 45 18 13 96 86 52 78 84 15 5 49 64 7
25 54 80 4 46 45 34 65 47 19 24 67 3 27 52 73 85 62 68 84 94 96 68 68 22 6 47 12 81 11 32 32 90 8 44 89 69 39 97 68 22 42 6 72 54 78 64 3 76 27 41 14 10 71 93 6 71 45 37 24 38 98 70 31 87 80 73 74 57 79 43 26 30 88 7 80 39 85 75 62 2 82 55 55 66 66 16 98 12 65 93 84 62 11 25 9 98 39 26 5
40 65 40 46 16 55 92 15 35 44 23 29 69 60 76 79 90 100 64 80 81 11 27 66 9 64 12 95 100 2 80 76 74 76 70 94 31 41 59 20 87 100 82 80 11 45 89 22 19 21 67 15 74 40 74 40 20 9 34 82 48 89 44 33 61 68 42 82 67 64 91 62 41 50 90 38 14 14 15 85 32 91 19 92 55 88 36 30 13 99 2 81 43 91 90 53 94 40 4 70
50 1 78 79 32 56 30 79 51 3 71 32 41 9 97 33 26 95 98 5 48 60 14 3 13 97 79 59 81 11 8 97 25 52 97 76 40 48 53 47 30 44 56 95 95 21 75 20 56 52 52 48 90 6 21 62 47 67 77 23 70 7 21 57 8 84 14 38 71 16 42 35 51 75 2 76 9 10 93 24 86 13 25 2 21 56 95 39 35 39 64 10 47 99 35 55 31 71 42 67
28 43 60 100 91 3 56 3 25 40 77 91 28 45 14 83 87 14 83 73 43 17 93 46 66 44 96 100 28 38 10 76 92 38 92 11 10 80 79 60 95 53 34 64 12 76 6 23 18 77 65 13 28 44 94 36 76 35 92 43 29 2 78 91 91 56 11 32 48 84 14 7 65 41 99 80 29 8 63 60 18 64 51 76 88 35 19 76 29 47 90 1 67 28 74 52 38 74 90 43
82 18 100 17 29 84 29 40 69 55 42 94 85 45 41 41 54 78 56 88 68 91 37 16 28 95 25 38 87 58 61 16 26 90 4 62 86 39 51 59 42 73 1 31 18 82 2 79 76 69 72 21 90 52 25 75 17 87 49 37 61 71 20 78 31 52 39 48 13 96 6 15 31 50 88 56 80 36 58 63 7 62 39 100 37 85 91 33 51 39 38 41 12 59 84 86 59 44 65 72
78 1 62 57 18 32 33 54 77 32 75 7 92 53 71 43 34 14 15 57 20 87 45 97 43 63 81 26 90 33 25 75 72 93 6 33 78 71 25 14 1 41 21 7 40 97 14 59 75 63 41 48 99 60 64 8 67 87 22 10 6 40 33 89 36 60 41 51 96 84 78 12 44 55 93 33 36 66 19 33 27 37 45 90 65 89 58 35 28 79 15 57 51 20 98 76 74 27 66 91
86 32 71 97 5 17 26 65 37 10 60 65 87 57 9 62 76 84 63 37 49 93 81 27 76 84 72 37 21 75 45 53 67 90 71 21 13 1 96 10 62 67 39 61 95 100 35 36 27 91 2 40 92 53 34 3 98 73 45 96 54 17 100 14 1 76 1 64 15 99 100 2 1 53 52 78 59 23 27 39 82 33 90 52 9 9 26 67 23 33 10 57 44 73 72 25 84 9 88 66
21 40 53 84 14 2 7 8 68 62 15 15 14 48 36 23 48 48 100 1 56 94 92 3 3 22 29 87 29 91 68 76 41 62 54 21 30 23 54 59 92 21 26 23 56 56 65 92 84 39 99 68 75 91 76 89 23 60 92 57 9 31 46 52 71 3 70 96 29 73 69 81 24 56 88 46 70 47 22 81 55 34 30 11 76 62 58 61 32 6 4 4 77 31 81 82 63 63 72 95
69 40 13 94 17 95 94 64 83 78 45 38 93 98 79 38 17 83 70 53 71 46 11 15 16 8 4 57 76 46 22 15 93 4 32 95 37 100 22 60 6 49 51 81 22 33 95 24 29 23 94 64 39 65 70 34 82 55 4 74 64 78 79 82 62 46 97 23 2 87 60 14 18 42 31 56 20 65 77 51 49 99 2 58 55 70 49 1 72 57 9 5 47 94 52 30 60 72 16 40
33 4 93 21 86 51 63 59 52 32 99 15 2 57 74 5 52 36 99 55 67 98 75 91 45 77 72 90 29 59 77 96 74 24 94 96 26 53 57 84 18 29 21 69 32 61 30 8 93 47 20 40 20 39 34 94 73 43 60 49 82 75 6 59 71 99 38 26 2 54 44 72 84 17 56 10 36 96 36 57 50 55 1 34 50 64 24 2 24 55 56 25 12 88 60 52 85 91 78 42
45 27 61 100 56 84 67 20 62 36 73 91 64 50 35 11 32 7 38 55 84 22 85 94 25 11 2 88 38 47 69 1 40 97 40 25 60 14 93 33 25 21 97 58 50 6 36 60 50 68 77 30 50 78 91 23 63 85 57 15 49 34 15 78 70 22 10 86 79 77 29 75 81 52 23 33 76 53 53 37 23 4 78 14 83 83 1 97 8 75 71 27 44 95 60 26 4 99 98 63
53 53 64 4 44 36 82 7 74 98 35 36 63 96 72 34 64 77 74 87 30 86 14 25 87 20 29 11 21 65 76 32 29 8 13 31 21 84 76 6 16 63 42 66 61 84 49 69 100 45 88 85 31 68 47 7 81 63 88 20 35 4 18 58 70 26 90 3 12 87 93 50 62 95 10 56 8 16 71 46 13 15 61 37 43 45 56 86 85 33 94 2 69 62 56 35 74 63 45 1
17 65 64 39 42 85 74 29 69 1 47 24 93 35 90 31 45 30 45 64 88 45 16 9 11 41 15 7 58 4 90 51 36 38 11 12 22 8 42 34 31 34 42 16 49 59 94 4 44 52 10 87 7 15 90 34 87 46 49 3 30 75 37 13 48 92 88 3 93 40 100 31 44 41 72 78 91 66 26 36 75 55 14 21 97 49 58 48 67 36 40 100 86 27 14 59 72 18 48 71
46 49 38 75 49 18 2 16 34 5 74 34 81 97 69 87 6 14 45 59 68 48 84 84 89 83 5 63 66 61 29 91 41 4 84 99 54 52 51 63 64 34 29 36 38 42 39 60 28 3 24 61 76 42 55 19 2 42 43 39 79 78 49 44 80 80 70 84 47 90 93 12 61 21 65 36 31 98 85 89 47 62 1 46 88 5 25 62 96 37 32 70 65 53 73 46 64 95 78 19
12 54 98 26 92 90 22 82 65 68 5 30 33 40 16 15 91 30 53 87 26 14 31 17 91 78 95 41 89 44 11 2 86 36 72 2 10 56 3 98 74 56 34 24 53 7 51 76 32 71 83 79 91 12 10 6 74 2 99 62 15 41 81 46 22 94 21 96 61 39 19 96 64 16 88 79 77 97 8 33 95 92 43 33 44 47 90 44 84 54 36 31 90 7 8 85 76 68 57 89
54 71 80 22 84 73 96 27 73 23 78 88 10 97 97 64 9 76 31 3 23 27 92 13 99 63 6 96 58 76 60 42 13 46 76 64 69 69 24 30 15 12 48 65 37 47 49 33 46 56 8 69 72 19 12 62 31 51 85 32 97 43 7 30 55 33 20 91 21 40 57 36 87 19 61 100 13 82 71 47 65 14 49 60 62 60 68 89 95 82 17 71 34 44 51 68 79 97 68 46
98 72 86 81 51 38 98 56 47 83 97 72 62 56 67 51 69 6 45 56 8 97 49 9 99 71 74 60 8 1 54 33 94 5 97 98 79 22 99 90 42 9 2 31 93 8 51 60 35 24 94 46 17 94 22 89 76 27 49 34 93 74 5 85 75 28 89 5 83 92 20 55 81 24 41 38 34 93 99 74 39 33 12 44 2 26 32 68 12 12 53 42 76 91 52 9 94 25 93 28
57 81 83 42 69 16 11 92 23 63 13 2 56 82 66 22 5 84 41 93 50 68 77 11 30 71 96 43 55 32 92 16 48 98 71 82 46 11 26 72 53 20 89 16 16 54 79 69 17 87 58 100 41 91 20 10 4 62 64 16 51 48 49 88 69 98 14 26 44 83 4 99 77 12 100 49 56 32 23 13 69 6 5 90 77 71 67 47 93 55 45 24 99 82 96 88 2 42 61 38
89 18 83 18 57 37 73 33 57 41 43 19 39 50 10 76 4 94 13 92 29 80 29 24 24 22 58 55 52 3 20 78 69 27 54 47 71 48 91 67 66 22 49 10 9 49 96 78 15 33 65 76 84 66 30 79 18 73 72 30 7 68 48 56 47 31 78 84 19 42 76 11 44 10 78 61 9 50 45 88 43 34 52 44 23 11 57 7 26 49 26 46 25 13 17 34 99 87 80 12
55 32 74 69 80 24 44 63 76 5 49 76 89 95 96 64 39 36 47 44 5 65 95 69 34 24 8 76 52 47 81 48 97 90 71 92 64 63 9 87 73 63 6 38 18 26 7 26 25 84 100 40 15 89 86 41 26 76 35 89 80 63 95 47 77 20 82 43 55 16 29 75 84 25 85 13 25 73 28 37 77 96 35 44 49 1 35 46 75 21 53 85 5 61 49 79 49 96 28 21
32 18 9 35 12 89 34 24 35 2 61 72 75 85 80 2 38 68 95 16 58 79 91 16 60 1 3 69 62 78 73 83 93 22 91 42 66 45 36 7 3 3 100 1 47 97 48 20 54 21 90 90 76 23 12 57 93 89 35 91 16 83 13 87 9 42 6 71 95 24 67 100 82 36 57 18 66 47 75 18 99 23 66 95 96 72 20 44 93 58 67 9 5 3 54 59 50 21 56 14
26 95 63 67 28 62 74 29 38 68 10 14 86 89 94 20 2 90 5 34 10 78 36 95 96 76 66 46 62 61 79 31 72 24 19 98 31 10 17 28 51 51 44 58 79 81 100 39 67 93 30 94 65 82 40 81 89 15 62 64 72 46 74 100 86 10 77 38 34 60 50 67 57 24 60 26 97 84 41 12 36 43 16 15 23 11 93 31 55 65 74 26 10 56 69 49 57 64 48 24
2 14 29 12 94 59 65 95 47 61 81 93 10 44 15 4 44 59 63 68 35 75 48 12 87 34 29 7 70 1 72 42 88 14 30 61 31 31 8 15 69 92 36 100 75 54 11 36 90 87 21 93 86 91 30 36 50 78 29 9 49 21 68 7 57 22 30 90 79 24 18 62 58 63 81 31 66 60 35 7 90 13 83 38 24 40 74 78 93 18 45 65 49 74 92 84 45 8 32 47
25 100 2 87 37 77 59 4 43 96 60 11 22 100 81 1 55 64 47 85 57 61 49 68 48 27 12 18 5 63 51 27 82 56 11 7 32 48 5 5 56 15 79 94 50 21 4 53 90 30 39 99 53 64 83 71 19 63 29 69 99 66 92 85 72 49 74 61 92 62 13 31 29 82 46 59 4 64 74 30 64 4 72 99 87 69 82 90 25 43 40 52 22 3 42 51 2 36 14 18
67 66 22 34 18 45 74 89 64 30 79 75 13 28 28 1 43 35 94 89 76 56 81 88 45 8 32 88 59 53 4 42 77 14 72 13 89 44 29 15 81 65 48 6 9 47 31 58 31 36 13 52 38 36 27 87 97 75 92 78 14 8 81 7 23 62 15 62 96 50 44 47 79 45 94 49 55 6 27 78 11 43 1 8 86 58 41 39 74 43 14 23 81 46 55 32 11 40 83 100
46 59 16 42 1 69 76 71 10 18 30 84 83 77 99 35 32 83 88 16 3 46 76 74 21 78 50 98 94 74 12 33 7 24 78 8 43 17 17 12 90 38 10 85 34 29 83 36 89 27 17 29 7 79 85 85 88 1 43 3 22 47 27 9 40 61 62 61 68 58 89 43 33 3 95 14 65 72 41 23 86 99 90 9 16 87 10 39 86 20 98 50 90 24 71 7 33 34 39 75